1,5640.46,4222.58
2,4106.07,4977.57
3,7294.96,4333.33
4,5813.53,2353.16
5,3658.74,8257.83
6,6623.53,3181.98
7,7264.24,4826.34
8,1852,5667.32
9,6324.15,4640.4
10,8043.59,4705.32
11,5066.88,2431.8
12,6232.96,701.786
13,6818.43,5114.97
14,2667.1,5509.81
15,6243.56,2950.56
16,2896.51,6951.21
17,4689.39,969.577
18,1963.44,5188.53
19,5893.11,916.581
20,7638.52,5580.15
21,3132.52,6724.2
22,5065.88,2583.34
23,6122.13,2680.84
24,7466.91,800.593
25,5183.5,3694.61
26,6103.36,1947.28
27,2740.26,7514.34
28,5324.84,3558.19
29,5792.8,2968.62
30,6534.94,2462.03
31,3007.42,4047.75
32,4940.98,3876.66
33,3005.56,7204.14
34,6634.92,3247.25
35,4175.57,6601.57
36,7183.9,3096.62
37,8655.41,3705.75
38,5959.99,626.947
39,1439.01,5611.11
40,6326.73,4849.21
41,3459.18,5829.87
42,6592.69,5593.56
43,6186.49,3437.1
44,6669.76,4805.37
45,5827.01,1822
46,6134.23,4587.19
47,1657.9,6956.19
48,5037.45,4418.9
49,3988.36,6234.15
50,6055.6,1891.59
51,6878.1,5088.19
52,2007.94,7320.12
53,8755.82,4957.18
54,5774.36,1434.76
55,7227.48,2323.2
56,3313.08,5879.55
57,2985.35,6977.62
58,5168.71,2257.74
59,6762.94,3660.75
60,6755.65,5431.54
61,5893.89,3814.27
62,7566.93,4017.53
63,7408.62,3664.06
64,7298.64,3918.93
65,8045.6,6076.28
66,7788.64,5079.09
67,2461.01,6354.32
68,6241.08,3802.46
69,2111.7,5717.03
70,8026.81,4763.75
71,5167.46,6874.35
72,5954.54,3684.55
73,2460.97,6901.22
74,3405.35,6796.53
75,6304.9,5958.83
76,8714.46,4753.7
77,6868.33,5738.19
78,5069.01,1812.8
79,2209.57,6428.57
80,7231.11,3937.15
81,6385.68,2768.95
82,2589.69,4794.17
83,5519.37,5580.81
84,2433.88,6487.3
85,8380.12,5036.25
86,3274.28,4257.04
87,8094.78,5269.15
88,6983.26,7114.16
89,6689.81,2922.05
90,6618.12,3109.91
91,3179.88,7378.92
92,5799.31,1996.71
93,7308.6,5552.52
94,3117.46,5881.05
95,6731.33,3033.09
96,6498.12,4669.06
97,3081.47,4313.58
98,6804.28,5793.15
99,6669.24,5445.05
100,3130.88,7213.81
101,6345.29,4972.48
102,6667.23,3169.28
103,7690.24,4859.06
104,3510.12,6412.13
105,3707.44,5373.36
106,7247.41,3280.18
107,6580.9,2576.89
108,7112.86,4677.59
109,1845.92,5173.11
110,7786.7,5360.3
111,2851.72,7162.29
112,6908.24,4207.2
113,3685.7,5900.92
114,3096.82,6952.77
115,2162.88,5590.81
116,7400.83,5821.04
117,6683.47,3518.1
118,7897.17,4718.01
119,4265.1,5316.27
120,5721.48,3018.84
121,8370.88,5657.59
122,6867.74,3193.64
123,5347.05,3268.61
124,7773.09,1289.68
125,5591.67,5218.46
126,6869.98,5301.46
127,3119.81,5431.13
128,6276.55,2376.45
129,6609.11,5664.25
130,6464.21,5545.23
131,6788.21,6310.89
132,2721.82,6762.72
133,6660.34,4654.89
134,7273.68,3019.85
135,6522.71,2974.09
136,7733,2326.11
137,7519.65,2576.69
138,1493.31,6812.69
139,2450.57,6206.71
140,6472.49,2661.59
141,8805.4,6350.29
142,9051.02,3167.53
143,7549.49,3977.44
144,6871.09,5030.03
145,2164.51,5900.83
146,2358.07,6728.34
147,6029.42,1452.19
148,3685.69,6146.89
149,5554.75,3915.27
150,6605.19,4519.36
151,7427.82,2644.6
152,3017.24,5394.03
153,5672.32,2653.25
154,6575.87,5943.46
155,3199.16,5637.99
156,4063.78,6136.7
157,3103.1,6878.92
158,3530.98,5018.8
159,7722.35,5331.84
160,6487.89,6729.72
161,3611.81,6317.17
162,6737.44,1578.29
163,7816.04,5449.08
164,3884.35,5992.68
165,6463.34,4700.52
166,7525.07,4845.94
167,5510.9,5006.04
168,7282.94,5712.15
169,2279.49,6124.85
170,7714.07,5596.55
171,6088.74,2152.7
172,7123.99,6334.9
173,7293.78,3586.28
174,3231.49,5200.84
175,2634.87,3362.57
176,7137.16,1332.68
177,6373.02,4112.89
178,1736.08,4940.35
179,1952.25,6470.24
180,7742.7,5671.82
181,7135.88,5561.93
182,2695.63,5632.48
183,6707.94,3769.56
184,6076.61,3810.67
185,2741.98,5424.04
186,6355.44,3064.43
187,3755.99,5601.01
188,7695.7,5909.74
189,2775.46,5480.77
190,5526,1589.73
191,7797.43,4033.81
192,6558.46,5013.85
193,7453.24,5008.82
194,7025.73,2520.13
195,7862.15,3202.84
196,7603.47,5367.35
197,7472.32,5200.03
198,5053.27,2182.87
199,3254.47,7262.84
200,6744.74,3150.8
201,7819.93,4994.05
202,6695.95,3853.71
203,6839.36,6348.46
204,7404.16,5079.36
205,4648.49,3224.63
206,7632.78,3615.46
207,2620.17,5186.97
208,6071.97,1846.48
209,2800.39,4933.65
210,6772.04,5387.11
211,3014.46,6088.28
212,6539.18,2920.53
213,6869.79,3804.29
214,2697.6,5288.62
215,739.013,4436.09
216,7087.68,6673.97
217,6842.43,1671.99
218,8670.25,6143.66
219,6095.4,1788.9
220,6731.39,5325.21
221,3633.48,6310.97
222,5639.73,3866.76
223,5334.03,3780.12
224,1911.32,5706.71
225,1746.09,7232.89
226,2305.06,6576.86
227,2081.6,8058.62
228,7133.78,5295.16
229,6752.5,4031.12
230,3047.05,5898.35
231,7247.52,2656.32
232,5559.93,6012.85
233,5057.4,3201.02
234,6451.45,4827.33
235,4652.44,7033.4
236,8235.46,6599.92
237,3755.35,6058.31
238,3332.94,5396.8
239,5832.14,2958.26
240,2441.8,5729.52
241,6496.2,5719.33
242,5769.21,1767.93
243,2227.73,6422.83
244,4155.47,5226.62
245,6308.49,5645.44
246,5520.74,2509.46
247,7182.36,3529.26
248,3063.01,5961.16
249,7157.19,5515.75
250,6473.4,1357.43
251,6801.29,2135.11
252,7049.93,6900.24
253,6599.04,2283.56
254,6412.14,5456.5
255,7285.54,2454.88
256,3400.86,6025.96
257,7127.98,2360.82
258,7268.33,4718.16
259,6904.61,3012.61
260,7999.37,6428.62
261,6827.36,5637.26
262,8301.63,2986.2
263,7869.25,4105.62
264,5360.51,3419.55
265,7724.84,3320.65
266,992.722,6453.83
267,7396.87,2483.82
268,1982.62,6213
269,4195.26,4803.73
270,8121.8,6326.47
271,3252.7,6426.07
272,6743.63,2900.18
273,6961.42,4077.46
274,4448.42,4973.95
275,6393.46,3752.32
276,6813.73,3082.18
277,5878.45,4326.69
278,5590.34,451.189
279,5699.57,3165.84
280,8346.25,3817.89
281,7278.76,757.827
282,4668.16,6842.73
283,7223.1,4018.95
284,6724.83,5669.12
285,6676.32,1925.14
286,7015.06,5381.35
287,2227.34,8029.58
288,7422.12,2539.99
289,2990.19,7164.22
290,8100.59,4472.99
291,5219.6,2123.19
292,2130.47,6478.48
293,4768.39,6796.46
294,3732.57,6509.29
295,3620.19,5489.16
296,3557.43,5657.79
297,1729.56,8030.76
298,7247.8,1435.45
299,7178.14,5243.02
300,7160.55,2922.41
301,6787.21,3033.66
302,2184.28,5068.57
303,2589.74,7185.8
304,8179.83,4832.38
305,6589.95,2015.83
306,1961.76,7120.07
307,5936.22,6393.32
308,7613.3,7466.98
309,3133.48,4451.11
310,9201.05,1628.5
311,2595.49,7007.47
312,2226.01,6195.38
313,2695.01,5882.23
314,1035.69,6195.43
315,5927.23,4555.16
316,6463.3,4930.26
317,7870.47,5456.42
318,1342.87,7506.71
319,2197.14,6954.49
320,8315.78,5056.33
321,807.024,6241.23
322,3446.4,6496.44
323,4133.38,5745.47
324,6737.57,4894.99
325,3920.35,5824.65
326,7092.25,5707.73
327,6631.28,2253.23
328,2275.02,5943.47
329,6592.76,4552.09
330,2200.38,3840.59
331,1749.19,6931.89
332,2566.08,7189.89
333,3246.42,6382.76
334,1986.97,5552.57
335,8323.67,5178.94
336,2701.59,6217.8
337,6973.28,5210.04
338,5713.24,6732.74
339,1487.79,6927.61
340,7690.75,5254.69
341,2315.81,6399.21
342,3438.8,5494.01
343,2774.67,6323.02
344,764.094,7021.88
345,7745.51,3277.5
346,5978.95,3417.15
347,3609.73,5556.8
348,7966.07,5577.96
349,6661.88,1883.13
350,6187.14,3965.39
351,6383.96,5129.69
352,3195.64,6164.59
353,7405.61,4747.6
354,3477.41,7624.9
355,6650.58,5668.65
356,6847.69,5426.08
357,7119.16,6197.27
358,6446.47,2286.45
359,5699.06,5516.94
360,2864.15,6563.02
361,6914.44,5588.56
362,7052.17,532.224
363,7984.86,5840.5
364,6651.29,3265.36
365,5798.26,4974.39
366,6780.11,5090.88
367,6423.2,3008.63
368,3124.61,6008.7
369,5196.07,4888.81
370,6127.27,5894.57
371,4075.07,5538.37
372,7631.61,5778.76
373,6992.3,5121.8
374,2474.01,5250.77
375,7470.64,6106.74
376,2552.14,7942.65
377,8477.23,5166.5
378,7810.02,4633.55
379,1630.38,6648.57
380,6906.79,3546.78
381,5987.9,5511.64
382,4861.68,6033.93
383,1479.51,6187.59
384,5827.43,4798.27
385,7015.76,3262.63
386,9093.94,4339.27
387,7380.64,1414.61
388,6778.26,2303.73
389,4654.63,2483.47
390,6728.09,2039.19
391,7357.85,1685.82
392,2386,7541.06
393,6217.66,2399.69
394,6223.73,2025.61
395,7350.44,1961.19
396,7117.02,4030.74
397,7401.09,3755.66
398,1688.34,5688.84
399,6399.14,3366.38
400,5725.28,2086.07
401,1743.99,6854.05
402,7824.15,5879.26
403,5832.42,3287.75
404,7464.73,4428.13
405,2869.74,5920.13
406,3734.36,6407.38
407,1989.67,5998.3
408,1771.21,6392.4
409,7763.49,5953.16
410,6059.61,2993.85
411,2502.8,7483.77
412,6805.68,5340.37
413,8728.45,3594.13
414,4067.35,6771.41
415,2536.79,6927.02
416,6430.86,1813.4
417,6695.23,5330.54
418,6869.15,4477.85
419,5987.25,1218.03
420,4064.97,5193.97
421,2896.39,5922.2
422,6588.37,7694.37
423,2055.61,7339.23
424,3001.45,5319.71
425,3747.55,6397.71
426,6313.69,1624.3
427,6097.31,2752.01
428,2605.46,5390.76
429,2290.97,6239.33
430,6924.4,1880.27
431,5712.89,2047.01
432,2172.83,5595.47
433,8757.46,2163.62
434,5891.93,1356.69
435,8174.21,3134.76
436,459.333,5232.02
437,8329.87,5166.69
438,1868.53,6474.24
439,3184.16,5788.54
440,4655.69,3546.86
441,7427.94,6100.02
442,2344.94,7035.78
443,6269.77,2131.83
444,7531.94,4551.8
445,5601.29,1467.62
446,2524.32,5624.33
447,7184.8,5219.24
448,7380.5,6149.44
449,5126.92,3496.73
450,2206.59,7570.6
451,4853.85,1836.25
452,7051.01,2752.8
453,7120.55,4138.86
454,8599.61,5728.87
455,2151.7,6993.69
456,4090.58,6306.27
457,5802.77,1800.22
458,2727.44,6047.57
459,6860.63,2405.67
460,6840.53,6519.15
461,6300.59,4687.11
462,7245.94,5543.23
463,3133.34,5423.81
464,8150.9,5350.38
465,2105.52,3816.86
466,8377.07,4665.14
467,8088.24,5081.65
468,2885.64,6282.17
469,4293.56,5510.85
470,1922.91,6679.03
471,6393,3633.43
472,5521.76,2621.93
473,3610.58,7160.63
474,2363.31,5661.06
475,3233.14,6343.93
476,8725.26,2024.82
477,991.183,5206.98
478,7301.86,1802.08
479,6038.67,3841.21
480,6615.47,4441.47
481,7419.03,6156.7
482,7260.1,4065.52
483,5371.33,2899.28
484,1499.11,5697.55
485,7456.21,4909.8
486,6690.03,5361.45
487,6670.31,2595.52
488,4787.19,5405.33
489,5888.37,5328.57
490,4672.03,5295.26
491,8339.52,4876.02
492,3582.9,5356.73
493,2152.08,4682.28
494,6720.65,4399.36
495,7703.2,3559.96
496,6272.3,2709.87
497,2784.35,6314.8
498,8672.19,5267.77
499,5347.35,1183.32
500,6759.54,5758.65
501,1802.71,5198.01
502,1379.15,5250.25
503,7889.67,4602.2
504,8169.1,3873.45
505,2397.35,7007.59
506,7320.99,1413.73
507,3627.69,6965.69
508,7953.72,4056.74
509,6682.15,4255.28
510,1454.71,7845.76
511,6900.1,6822.5
512,6453.85,3889.13
513,3336,5019
514,3801.86,6289.27
515,4348.64,4823.16
516,7883.23,2672.79
517,7050.53,3271.88
518,4845.69,2845.67
519,4802.58,2006.65
520,5559.97,1479.53
521,8333.29,4271.98
522,7146.82,5209.93
523,8139.88,4764.41
524,4450.37,1446.6
525,7557.73,7796.04
526,2829.58,6087.98
527,2946.98,6305.67
528,2498.51,6293.34
529,2410.71,5594.47
530,7500.59,4295.97
531,2907.31,6224.22
532,5317.6,5898.74
533,7524.62,5154.44
534,9067.39,5448.71
535,7232.66,2877.24
536,7723.64,4103.87
537,3166.77,6032.88
538,3331.35,8495.7
539,8852.26,4844.5
540,6312.5,4344.96
541,2815.35,7013.33
542,6568.56,5955.14
543,6187.12,5763.95
544,6479.72,2618.9
545,4553.49,7677.43
546,6509.67,3573.85
547,6785.86,3920.69
548,2006.93,6655.37
549,2998.47,5684.73
550,1266.17,9999.99
551,4619.77,6426.34
552,3613.82,5868.4
553,6279.02,6289.86
554,3857.23,3167.19
555,4937.81,1883.85
556,6332.12,1676.37
557,5444.42,4087.84
558,3320.99,7869.56
559,2787.9,6654.93
560,3151.59,7405.66
561,7315.14,3965.22
562,5568.62,3181.48
563,2018.75,5408.93
564,6886.02,2548.7
565,6680.33,6299.69
566,2350.54,5387.81
567,7599.07,5456.06
568,6801.68,3189.25
569,6782.83,2486.67
570,6305.45,3065.35
571,1639.59,8515.85
572,6361.01,4232.56
573,6128.73,5519.77
574,6316.13,4328.26
575,4213.88,6836.9
576,7853.59,4555.48
577,5332.37,3924.14
578,2471.67,5721.88
579,4887.58,1716.77
580,2668.06,6000.6
581,9073.74,4926.95
582,6618.15,5760.88
583,4190.17,6361.63
584,3771.84,6300.56
585,3401.73,6245.25
586,7348.77,4574.97
587,6940.13,4251.28
588,6125.25,3349.87
589,5788.21,1543.82
590,4906.98,3601.71
591,2412.3,6204.49
592,4027.47,4109.29
593,6354.31,1865.39
594,7019.58,3117.75
595,7163.98,5156.93
596,6911.08,4067.74
597,6454.54,3187.06
598,1878.9,5597.66
599,5154.5,5027.29
600,7068.42,4126.98
601,6912.11,4713.5
602,1572.08,6180.28
603,780.215,6699.44
604,694.156,6038.72
605,5873.06,6343.44
606,2819.79,6423.17
607,6243.45,4436.89
608,5693.85,2706.96
609,2899.18,7310.78
610,7706.54,4360.71
611,6909.85,6055.92
612,1605.09,5483.92
613,5358.34,1900.58
614,3265.73,4661.39
615,6759.34,5905.55
616,2742.96,4652.2
617,5473.07,5827.99
618,6377.89,3223.44
619,6489.82,5233.26
620,5776.69,2714.19
621,3170.18,5437.82
622,7011.68,4786.37
623,2193.2,5469.33
624,2631.3,5500.08
625,1354.37,5666.74
626,1979.1,3847.17
627,6944.02,5605.01
628,6587.18,4249.47
629,7103.96,1945.48
630,7757.96,3312.3
631,9418.84,5346.66
632,5145.44,2250.65
633,1968.85,7091.43
634,5588.44,3926.97
635,8540.49,4441.02
636,7380.28,6584.78
637,5597.73,1595.82
638,6913.62,2762.12
639,5084.1,1817.96
640,5434.02,3182.7
641,3782.31,5476.74
642,7342.04,5367.18
643,5656.98,3628.5
644,6278.47,4218.03
645,5899.3,4618.88
646,4949.6,2913.78
647,4718.12,3561.29
648,7577.71,3194.22
649,3015.25,5861.96
650,7476.09,6331.13
651,3715.43,4898.05
652,5969.34,3003.95
653,8156.49,4601.36
654,5568.54,2808.32
655,6316.51,3853.38
656,5720.01,3534.11
657,1733.26,4826.87
658,6334.54,1098.18
659,6439.38,5144.41
660,5915.74,5396.53
661,3444.55,7416.59
662,6734.71,5391.91
663,7631.41,4068.69
664,6034.81,1254.97
665,7754.28,5703.82
666,4999.77,2282.84
667,3536.05,6601.33
668,2761.28,7536.94
669,6207.09,136.496
670,3062.31,7929.41
671,6707.08,4529.66
672,6497.16,4425.58
673,7574.72,5915.72
674,5483.73,4331.66
675,8093.27,6113.34
676,6785.92,4529.22
677,6335.29,1825.66
678,7320.75,6076.32
679,6165.8,6735.03
680,6304.64,5254.13
681,6694.11,5368.82
682,5579.17,6143.64
683,2900.72,8172.54
684,4869.59,3115.05
685,6781.87,2353.04
686,3631.14,6493
687,7255.04,4556.93
688,8386.22,4839.2
689,3152.71,7143.88
690,5502.84,4805.72
691,5497.58,4266.53
692,7602.65,5005.3
693,5375.18,1683.52
694,3161.1,4259.13
695,3450.52,5891.28
696,6901.62,1890.12
697,6327.25,927.496
698,7808.08,4944.96
699,5519.95,2037.12
700,6901.53,4209.14
701,6497.79,3412
702,7770.06,5380.54
703,2329.99,6292.64
704,4146.22,2575.77
705,5049.74,3029.06
706,6191.79,1946.05
707,7444.23,5207.85
708,2169.85,6866.48
709,7550.77,1750.5
710,6931.91,2399.81
711,2478.17,8129.37
712,5576,506.935
713,5756.1,1082.76
714,6877.25,3668.55
715,7650.17,1320.9
716,7766.28,4658.97
717,6728.84,3853.72
718,8181.02,5875.03
719,6035.63,3852.6
720,2639.11,4337.79
721,5756.52,2783.69
722,5733.4,2543.55
723,7366.2,5677.6
724,5842.51,3701.62
725,7098.51,5816.65
726,2469.77,6704.8
727,6561.98,2116.79
728,2563.85,6647.47
729,7390.26,3704.67
730,6440.93,3225.64
731,6990.54,4050.55
732,8999.47,5220.7
733,3133.78,7193.01
734,6928.82,6166.88
735,3767.37,6470.54
736,3800.88,7783.46
737,6553.75,2813.13
738,2107.8,8012.13
739,3374.32,4587.42
740,7112.12,3619.54
741,7774.13,6940.14
742,2823.06,6626.42
743,5139.96,2076.94
744,8405.08,4162.98
745,6569.1,6014.19
746,3015.2,6367.66
747,7895.28,4399.21
748,6164.12,3541.75
749,7137.17,4885.16
750,6421.45,4646.02
751,7222.58,4987.32
752,7904.18,5774.06
753,6550.72,2590.67
754,4468.27,1789.23
755,4642.7,1394.55
756,4661.46,8072.96
757,2772.53,6336.59
758,2048.96,5163.6
759,5425.47,4333.56
760,7125.1,4938.64
761,2859.65,8091.77
762,3110.81,6155.45
763,8069.44,5645.83
764,2559.26,5334.13
765,2719.55,5408.49
766,5906.72,2465.82
767,6259.82,5291.46
768,2826.61,6136.12
769,4188.75,6953.77
770,2626.34,5934.65
771,1994.76,6816.91
772,8743.58,5086.75
773,5641.7,6508.39
774,5489.84,2561.71
775,6748.65,1980.58
776,4291.81,4995.18
777,5564.92,2215.72
778,3492.34,6141.96
779,7735.6,5078.34
780,6214.75,4996.04
781,3014.34,5231.71
782,8746.12,2553.1
783,5745.8,3643.02
784,6053.05,4848.27
785,1322.83,6206.11
786,1708.63,5763.65
787,7208.95,5420.38
788,1282.09,8079
789,2527.32,4568.68
790,6656.55,5358.54
791,4022.25,3529.74
792,3874.17,5662.94
793,3097.35,6295.37
794,6371.63,3074.47
795,8258.37,6663.52
796,7106.5,5808.13
797,7227.83,5071.73
798,5949.35,5009.55
799,5222.39,2273.22
800,5634.59,2312.35
801,5562.96,2993.1
802,2232.73,3549.76
803,3432.02,5453.37
804,6500.84,4843.9
805,8129.11,6557.46
806,6888,3178.53
807,6824.67,1816.17
808,6172.94,2850.65
809,6563.73,4365.62
810,1624.3,6968.47
811,1674.17,6832.98
812,1904.82,5979.16
813,3480.08,7022.81
814,7088.24,1633.42
815,4912.18,2006.28
816,5946.98,1682.5
817,6220.02,2723.12
818,4924.07,2602.68
819,8108.05,3621.06
820,7087.59,5172.37
821,5218.17,2499.25
822,2525.52,7693.74
823,7751.9,6666.92
824,2998.28,5553.08
825,8106.74,5044.44
826,7407,4231.92
827,6359.39,2614
828,3886.46,5675.48
829,8908.38,5482.81
830,4504.16,3023.4
831,7728.68,5479
832,6611.5,1110.26
833,5939.97,1369.66
834,2417.96,6342.26
835,1645.65,6869.78
836,6899.55,3558.88
837,8922.07,5928.03
838,7145.59,4388.13
839,5336.95,540.98
840,2856.66,3632.7
841,7722.69,6701.68
842,7036.19,3810.93
843,2898.6,6153.24
844,2418.51,6635.96
845,2892.51,6257.03
846,7787.19,4516.45
847,8787.34,3890.11
848,7975.48,5811.25
849,6588.93,5441.05
850,5414.31,3881.54
851,6838.1,2934.14
852,2844.81,7838.35
853,3257.93,7166.66
854,7888.1,4335.79
855,2563.36,5757.85
856,4683.92,4733.9
857,5490.72,1874.03
858,6413.83,2493.83
859,963.748,5528.05
860,2566.38,5889.83
861,3181.55,5844.62
862,7102.84,2775.92
863,5687.98,2914.34
864,3171.97,4637.82
865,7173.5,2283.88
866,1143.56,5800.14
867,6472.1,4827.35
868,6201.37,4703.1
869,6365.35,3196.97
870,6729.49,4770.04
871,5060.17,1805.34
872,3555.86,3694.07
873,7392.5,6530.35
874,2338.23,6086.78
875,3793,3827.29
876,2608.12,4760.67
877,1117.33,6372.4
878,6752.58,4203.73
879,1456.7,7379.86
880,6384.93,2181.92
881,8907.94,6041.09
882,7135.47,4596.99
883,6380.6,3255.77
884,0,6579.07
885,6528.45,6257.81
886,4027.6,5499.42
887,6561.52,4962.89
888,7078.58,3422.61
889,7431.65,1925.87
890,5524.51,2143.24
891,7281.81,2786.9
892,3629.12,6454.88
893,8176.54,6052.41
894,6377.54,5514.32
895,6703,5300.67
896,6173.8,3404.78
897,2483.44,7315.72
898,3369.54,6539.01
899,6357.49,2670.48
900,1770.82,6594.12
901,5890.69,7171.69
902,3279.6,5764
903,2263.06,5744.07
904,6636.47,5314.82
905,7256.62,5272.03
906,2010.79,5471.34
907,1901.42,5927.8
908,6896.14,5428.32
909,5522.64,3186.61
910,2697.86,7126.99
911,3900.9,4971.4
912,6690.53,7445.19
913,2923.52,5297.43
914,2115.71,5276.03
915,7666.15,3522.12
916,7070.88,4588.6
917,3174.59,6340.58
918,5597.19,3613.27
919,2838.94,7217.9
920,6110.42,4468.7
921,6764.8,4483.72
922,9641.34,3772
923,6980.39,2096.21
924,6447.74,5419.49
925,1355.95,6602.73
926,2697.51,7976.38
927,4187.8,6277.14
928,3338.01,5792.7
929,7377.91,5329.12
930,2112.05,7230.76
931,6160.73,2186.96
932,7354.17,1857.41
933,5985.04,221.751
934,3203.38,6242.6
935,8807.04,6607.68
936,6876.35,5986.04
937,2248.15,6740.58
938,7104.94,2361.42
939,6853.71,1522.06
940,3282.51,5926.07
941,1470.22,7219.12
942,3147.22,7123.7
943,2322.27,5143.58
944,7192.73,4555.7
945,7426.25,3065.49
946,2612.29,8243.42
947,1513.33,5765.95
948,8222.71,2182.12
949,7249.46,3791.66
950,7263.85,4009.87
951,7642.31,2569.69
952,7170.16,5569.29
953,5105.31,2573.55
954,6210.98,3161.58
955,5412.8,3693.99
956,2974.84,5939.93
957,6578.7,3832.03
958,8054.57,6827.08
959,3202.85,3907.27
960,7453.64,7450.09
961,7836.97,6866.54
962,1751.2,6273.76
963,6565.13,2360.31
964,9320.9,5026.51
965,8428.42,4226.06
966,2174.68,5796.2
967,5181.26,2872.15
968,4670.7,2895.89
969,9001.26,3945.25
970,7059.81,4343.94
971,7675.65,6227.51
972,6567.21,3138.61
973,3594.11,6808.39
974,8557.06,4516.28
975,1763.89,6820.61
976,3566.69,2778.81
977,5393.86,2920.02
978,6351.65,6848.46
979,3232.14,7596.77
980,8608.96,4690
981,3969.39,6646.21
982,3309.92,6212.75
983,7322.05,4927.76
984,4004.82,7541.3
985,7698.04,4464.15
986,6570.95,2665.36
987,7570.91,3062.98
988,6032.4,3123.37
989,7570.29,5457.7
990,8852.12,5697.49
991,7914.48,2433.85
992,2026.18,6350
993,3202.03,4572.01
994,4350.11,5598.3
995,5783.66,2766.81
996,7999.06,6931.18
997,6224.05,2597.57
998,7700.04,4072.16
999,3183.51,5992.55
1000,3238.63,8003.94
1001,8306.11,3274.14
1002,2728.35,4733.77
1003,1131.66,6463.02
1004,6273.8,4789.02
1005,2320.32,4580.28
1006,7784.58,6404.59
1007,6430.87,4952.85
1008,4036.06,6689.81
1009,3318.76,7089.49
1010,2456.29,6921.4
1011,6725.63,5742.76
1012,7400.64,2800.11
1013,6569.5,2499.49
1014,7306.03,4038.18
1015,7303.97,3329.37
1016,7771.16,1637.71
1017,6131.65,723.912
1018,4929.18,3078.95
1019,6236.05,4692.32
1020,5994.22,2561.49
1021,3341.53,5759.66
1022,7345.23,2208.77
1023,8038.34,2542.04
1024,3309.27,4778
1025,2575.89,5243.91
1026,5447.46,1835.47
1027,6940.03,4789.47
1028,8396.32,4512.5
1029,7869.02,3133.72
1030,6645.94,4961.25
1031,3082.65,6820.66
1032,4694.38,1906.28
1033,3593.83,6821.04
1034,6811.27,3646.74
1035,5481.04,2443.78
1036,6329.88,1824.51
1037,7445.07,4627.72
1038,4250.93,6252.34
1039,2916.96,7636.36
1040,3168.6,4735.09
1041,4566.86,6159.71
1042,1441.9,7318.96
1043,6322.38,2544.01
1044,7312.69,6279.41
1045,6713.29,5061.78
1046,6362.64,1890.9
1047,7540.78,4813.38
1048,3726.29,5530.41
1049,6978.97,2453.29
1050,6532.53,3002.93
1051,5352.29,3185.43
1052,3443.49,6006.95
1053,7726.75,3613.95
1054,6134.48,3974.3
1055,908.791,4196.88
1056,5755.26,2508.88
1057,5972.11,1366.19
1058,7841.76,5934.09
1059,2034.83,6878.42
1060,8816.96,4325.56
1061,7305.14,4331.41
1062,7112.4,4958.77
1063,4524.15,2608.63
1064,7890.1,5804.23
1065,4037.15,4081.28
1066,6330.02,6185.67
1067,5762.71,3383.03
1068,6542.45,5797.29
1069,6845.06,1338.59
1070,8914.66,5457.53
1071,2976.48,4373.24
1072,6208.86,5779.33
1073,6162.57,1326.52
1074,3413.08,7766.4
1075,3566.05,7889.59
1076,6479.97,6134.36
1077,7333.9,5302.62
1078,7991.15,4488.49
1079,7603.82,2559.14
1080,2284.64,5801.37
1081,789.439,5501.92
1082,4865.02,3375.92
1083,7908.58,2036.88
1084,7528.09,6762.84
1085,6467.97,1886.98
1086,2662.05,5785.75
1087,5783.36,2018.68
1088,6702.93,3676.92
1089,1913.43,5493.65
1090,6866.04,3143.29
1091,7307.6,3511.5
1092,7662.68,3726.32
1093,234.51,8079.41
1094,6534.92,1962.01
1095,8013.1,4194.2
1096,6423.69,3750.73
1097,2444.6,5921.65
1098,2257.85,5052.05
1099,7336.7,4103.73
1100,3014.2,5687.61
1101,6931.49,5067.74
1102,6386.8,2936.08
1103,7367.77,5127.38
1104,6814.46,3205.26
1105,3893.31,5799.99
1106,6849.87,2319.5
1107,7096.39,4090.59
1108,6490.96,5106.54
1109,6207.65,6433.72
1110,7477.01,4818.52
1111,7123.74,5154.74
1112,4365.95,4705.71
1113,1882.14,5690.74
1114,6562.4,5260.89
1115,7896.87,3993.92
1116,8204.43,6266.31
1117,6085.41,6880.19
1118,7001.17,6535.36
1119,6395.06,1178.14
1120,6977.54,1276.37
1121,7530.87,4964.06
1122,4303.69,6047.54
1123,8021.73,3135.3
1124,2916.89,4372.1
1125,5474,2484.95
1126,8323.57,4511.84
1127,5411.9,3203.26
1128,7547.59,5819.34
1129,7258.05,5194.62
1130,5976.03,2740.42
1131,5597.3,3777.17
1132,3900.21,6828.08
1133,7637.64,5755
1134,7386.71,5648.24
1135,7586.1,6370.58
1136,6299.22,2992.7
1137,6265.59,3002.5
1138,5515.62,1385.09
1139,8848.46,5050.03
1140,2581.61,7256.69
1141,3378.67,5788.37
1142,1801.02,6828.03
1143,1960.02,6770.68
1144,6918.23,3823.24
1145,4192.71,6527.15
1146,3511.09,7024.93
1147,3248.85,5150.1
1148,7917.91,5445.29
1149,7284.68,3462.06
1150,7318.79,5184.31
1151,5626.29,5613.31
1152,3884.18,6185.7
1153,4364.15,2852.57
1154,7215.38,5296.31
1155,7756.52,4362.26
1156,5782.9,3483.87
1157,6803.77,4812.98
1158,952.934,6954.16
1159,4656.37,3509.69
1160,2099.03,7280.05
1161,7035.44,4654.32
1162,8091.47,6192.23
1163,3407.09,6035.51
1164,5661.48,3085.37
1165,2139.6,5303.92
1166,5143.39,3158.18
1167,4446.32,4738.62
1168,1735.64,6826.18
1169,2350.03,7738.02
1170,1233.31,6918.51
1171,1838.71,6002.17
1172,3047.1,5324.36
1173,4002.74,6996.17
1174,5232.76,3238.19
1175,5512.87,2741.4
1176,1423.56,5599.42
1177,6179.34,4354.36
1178,2192.61,6654.02
1179,6240.43,1987.59
1180,8079.35,7054.62
1181,7481.64,6685.97
1182,2861.24,6669.49
1183,5924.89,4154.02
1184,6946.71,2476.76
1185,3537.95,5552.4
1186,6863.47,5859.01
1187,4067.81,7750.15
1188,7854.49,5346.06
1189,1755.29,7779.13
1190,7139.43,3353.32
1191,7796.3,6259.69
1192,6339.84,7089.78
1193,3065.49,6085.6
1194,2569.46,6600.58
1195,8720.28,6111.38
1196,5895.87,3376.16
1197,2410.42,6621.16
1198,2452.8,3712.81
1199,5523.55,2980.84
1200,1166.08,7411.08
1201,6716.9,5454.71
1202,3825.32,5071.15
1203,5195.39,3174.03
1204,6192.08,5213.6
1205,4531.57,2763.51
1206,6924.32,2574.55
1207,3491.53,7714.62
1208,6784.21,4437.02
1209,1600.58,4804.94
1210,7336.31,4757.61
1211,5781.54,3512.09
1212,6494.88,5383.6
1213,6633.47,4728.4
1214,2602.56,6368.7
1215,5555.84,3923.93
1216,9239.56,5115.73
1217,8457.58,4528.94
1218,6059.73,3785.48
1219,2324.96,5378.53
1220,5525.11,3554.94
1221,7900.52,4884.61
1222,3173.91,6181.9
1223,5614.75,3403.4
1224,1739.76,6089.77
1225,4103.68,6106.82
1226,5110.37,3575.26
1227,6251.36,6047.13
1228,7776.22,4621.69
1229,6844.71,5818.4
1230,7367.48,3909.96
1231,7304.81,2457.77
1232,6969.19,5486.58
1233,6243.37,2003.79
1234,6500.65,5042.62
1235,6516.98,3730.17
1236,6347,5254.9
1237,7409.53,7141.7
1238,5506.65,3585
1239,1870.67,4673.09
1240,3773.39,6068.18
1241,7588.28,4384.76
1242,3218.81,5637.74
1243,6234.54,6036.32
1244,4840,3624.48
1245,7298.7,2984.02
1246,2236.84,5795.81
1247,3659.82,6670.92
1248,1592.38,6415.52
1249,6848.3,3040.73
1250,2749.58,5646.3
1251,7759.97,6666.06
1252,7293.75,6490.3
1253,6789.03,2166.52
1254,7624.2,6066.94
1255,7395.07,7263.12
1256,6842.43,5793.71
1257,2551.64,5463.46
1258,6991.8,1000.14
1259,3204.89,6111.12
1260,6865.19,3574.64
1261,3762.84,6447.49
1262,2877.25,6872.43
1263,2621.96,5850.96
1264,5858.01,5422.16
1265,6577.6,1096.96
1266,4563.77,6683.12
1267,7071.26,5635.09
1268,8733.36,3969.73
1269,6277.09,3088.97
1270,2992.48,5751.79
1271,1535.94,6683.41
1272,2129.95,6094.73
1273,3027.84,4108.42
1274,7233.23,3300.07
1275,5289.26,3004.7
1276,2197.51,5803.2
1277,3591.87,6540.82
1278,7813.59,5594.72
1279,3976.33,5528.19
1280,6491.11,3101.98
1281,3782.32,7719.99
1282,6281.66,1637.58
1283,6753.91,2887.37
1284,6358.03,3564.23
1285,4097.17,6782.26
1286,3912.51,6298.14
1287,7095.21,4140.35
1288,7424.16,3916.93
1289,3299.14,7493.02
1290,2881.89,4962.53
1291,7577.59,4239.45
1292,1692.86,7434.85
1293,3513.36,6228.4
1294,3455.02,7134.27
1295,8238.04,4859.19
1296,8039.61,4218.39
1297,7140.9,5843.22
1298,6889.3,5276.78
1299,2174.65,7140.35
1300,7267.15,3876.56
1301,7051,3492.79
1302,7571.27,5509.25
1303,6338.82,1444.11
1304,6729.13,2001.49
1305,7905.52,2480.46
1306,5586.84,3829.34
1307,1456.22,5218.75
1308,6989.59,4439.91
1309,7167.59,3723.42
1310,7266.26,3452.54
1311,6915.69,3724.68
1312,2390.75,5109.24
1313,5025.63,2566.9
1314,6200.03,3512.63
1315,6135.08,2804.69
1316,1875.89,6683.36
1317,6377.28,1685.18
1318,2720.63,5725.4
1319,1897.12,5057.23
1320,6047.86,1915.92
1321,6163.42,5251.88
1322,7925.78,4176.96
1323,7093.19,5037.46
1324,8319.77,1671.74
1325,7756.89,5134.67
1326,9234.42,5015.1
1327,2062.08,7771.51
1328,4181.39,7244.42
1329,2330.69,6308.17
1330,5616.7,2130.15
1331,5049.72,3395.08
1332,7828.86,5997.86
1333,3104.05,6824.51
1334,3592.63,8491.21
1335,7326.41,4862.1
1336,5381.99,5969.74
1337,8579.49,6482.63
1338,2328.33,7174.4
1339,7014.24,4123.94
1340,4185.15,6439.58
1341,7014.44,1419.3
1342,6390.41,1232.87
1343,7404.28,1050.62
1344,6634.45,5883.53
1345,7600.61,4292.76
1346,5802.12,2464.37
1347,6823.09,1784.11
1348,6718.15,3959.99
1349,8258.4,6653.16
1350,6177.9,4871.1
1351,7646,6510.37
1352,3768.36,6080.11
1353,8087.01,2803.89
1354,2987.58,7580.4
1355,1792.17,6418.59
1356,7370.14,3095.99
1357,6653.33,2695.36
1358,6644.25,2524.73
1359,7177.97,6589.33
1360,2571.24,4621.83
1361,2908.62,7024.41
1362,2370.23,4654.83
1363,7469.26,2661.32
1364,6551.83,3381.71
1365,7338.31,5647.04
1366,3026.41,5082.73
1367,6500,5095.21
1368,2221.22,5063.03
1369,2462.6,6387.93
1370,3632.16,6217.29
1371,2477.16,5845.28
1372,6398.81,2812.56
1373,2935.74,6856.53
1374,5889,4445.52
1375,6773.89,2196.34
1376,2727.59,7420.14
1377,6930.59,387.232
1378,6877.29,2221.21
1379,6445.62,1092.29
1380,3090.76,6690.9
1381,6881.43,3020.23
1382,6515.89,4117.62
1383,7123.05,4753.6
1384,5763.04,3076.54
1385,7989.41,3437.24
1386,1987.87,5241.25
1387,3272.15,8362.78
1388,6754.81,1753.14
1389,7722.67,3781.96
1390,2421.62,5880.19
1391,6705.77,1980.79
1392,9720.23,5674.52
1393,2622.34,4894.56
1394,7555.15,2375.12
1395,7496.61,3346.32
1396,3562.57,7041.21
1397,6182.57,2911.24
1398,4354.94,2763.55
1399,6198.09,2668.21
1400,1558.33,5614.8
1401,8443.5,4191.37
1402,6366.25,3142.46
1403,1660.94,8571.52
1404,6836.25,1646.39
1405,7296.49,4397.73
1406,5786.04,1528.19
1407,2405.46,4698.91
1408,6840.57,2090.4
1409,4723.88,5567.54
1410,7537.63,3291.06
1411,2748.96,6528.72
1412,7373.88,3350.41
1413,7728.21,1912.4
1414,7867.39,4901.94
1415,6704.41,5622.07
1416,2354.81,4901.49
1417,6829.3,5521.49
1418,6198.89,1758.45
1419,3459.58,5504.95
1420,5650.88,2161.39
1421,6035.56,4934.88
1422,6098.06,3454.94
1423,7915.94,4614.27
1424,8438.21,5414.28
1425,6275.85,2582.46
1426,3696.53,7802.93
1427,2593.04,3715.1
1428,7734.28,3229.47
1429,7287.51,4520.6
1430,3033.54,6395.25
1431,7844.87,3983.81
1432,5011.07,3114.51
1433,9222.5,5933.8
1434,7325.87,3139.79
1435,1713.3,5317.47
1436,7079.13,5412.7
1437,6918.24,5587.4
1438,6730.95,4386.98
1439,8226.45,3027.46
1440,2313.3,7469.16
1441,2976.86,5864.28
1442,6034.82,3006.07
1443,2891.88,7195.96
1444,8174.08,4985.46
1445,8219.07,1433.06
1446,3269.15,6416.39
1447,8588.68,4113.32
1448,4833.92,3586.83
1449,7382.55,4764.91
1450,2106.2,5538.48
1451,2703.28,5410.03
1452,3340.95,6705.65
1453,1674.14,5654.9
1454,6282.83,743.631
1455,8043.36,5109.62
1456,6520.45,2035.06
1457,1926.62,6421.53
1458,7243.11,4034.49
1459,1934.98,6226.43
1460,348.329,5687.85
1461,6376.06,4087.68
1462,2274.4,6523.92
1463,6590.31,3894.69
1464,7198.03,6987.08
1465,5174.83,5354.86
1466,6292.6,6177.55
1467,7662.76,4345.88
1468,5820.2,4091.43
1469,9999.99,5579.91
1470,6355.84,5460.55
1471,4126.82,5250.86
1472,4439.41,5979.02
1473,6167.73,6356.38
1474,6455.3,3092.45
1475,7452.31,5870.74
1476,6985.38,1222.9
1477,1795.34,6456.56
1478,2538.13,7111.46
1479,2806.27,6316.97
1480,7264.68,3018.41
1481,6379.18,3151.89
1482,6570.51,3485.84
1483,6553.93,6465.77
1484,6730.8,2914.91
1485,6719.11,3926.96
1486,6177.07,3444.56
1487,7187.66,4074.3
1488,6512.19,1824.98
1489,6194.02,2259.22
1490,5284.89,3339.38
1491,5439.6,6918.07
1492,7562.34,5457
1493,8766.08,6427.84
1494,4244.28,6300.78
1495,5586.05,5721.73
1496,7458.14,4980.72
1497,8259.22,3836.04
1498,6583.7,2541.99
1499,7025.99,4611.94
1500,6405.71,1415.31
1501,7179.26,3504.01
1502,7275.04,2652.47
1503,6597.42,3457.12
1504,6203.9,2478.74
1505,3738.24,6156.64
1506,7524.41,6690.36
1507,2558.53,5234.31
1508,5041.95,1694.4
1509,7866.08,2487.79
1510,7722.34,6882.67
1511,2548.83,6250.42
1512,3653.94,5963.35
1513,3372.12,5373.41
1514,5023.52,5650.78
1515,4664.72,2998.75
1516,7488.71,6850.61
1517,6345.54,1592.53
1518,5579.25,5635.55
1519,7408.32,4375.81
1520,4866.81,6348.53
1521,7167.54,1128.29
1522,7829.5,4860.22
1523,7375.07,5995.82
1524,8081.54,5268.46
1525,6159.43,1277.83
1526,8895.01,5793.26
1527,4634.37,3509.37
1528,2036.4,5118.31
1529,2043.63,5748.71
1530,7226.13,4687.13
1531,1555.15,5869.4
1532,8531.94,5049.66
1533,6381.42,4883.96
1534,6181.84,5273.41
1535,5712.61,3137.12
1536,812.919,5743.76
1537,8170.73,4607.12
1538,1254.3,5231.43
1539,2551.29,6114.45
1540,2023.07,7310.57
1541,6095.63,3702.69
1542,7169.4,3866.9
1543,6823.16,6564.39
1544,7463.94,2373.67
1545,6945.52,3361.25
1546,5550.4,3953.74
1547,7236.21,5181.82
1548,6539.06,3157.36
1549,4370.26,6662.19
1550,8212.04,4828.71
1551,1594.26,6385.48
1552,7074.21,4206.04
1553,3741.71,7601.75
1554,3898.33,6418.64
1555,5527.83,1644.07
1556,3506.81,6845.13
1557,6336.34,2925.87
1558,6571.17,4490.48
1559,6136.84,2426.5
1560,4426.08,4748.75
1561,6065.88,6051.33
1562,7293.98,4905.65
1563,7841.42,5146.69
1564,6837.27,2877.62
1565,5373.03,5003.19
1566,4965.76,3091.01
1567,7124.34,3557.42
1568,6736.91,2251.25
1569,7086.55,5157.83
1570,6639.95,5964.68
1571,3074.76,6813.54
1572,3486.5,5261.96
1573,5243.57,3519.26
1574,4717.99,1876.73
1575,2610.7,8060.73
1576,2896.83,6510.42
1577,7505.54,5091.17
1578,5712.52,1430.2
1579,6878.58,623.171
1580,7838.51,5155.12
1581,6230.62,1704.2
1582,6854.66,2584.46
1583,8530.07,5204.04
1584,1838.17,4986.42
1585,5884.53,3276.46
1586,5423.08,3313.81
1587,3936.23,4853.27
1588,5384.54,2903.89
1589,8470.88,2002.54
1590,6728.59,3259.75
1591,4019.95,5576.48
1592,7066.38,1847.63
1593,4358.69,2350.74
1594,1972.43,6879.05
1595,5785.25,2729.11
1596,6562.96,1915.83
1597,2175.76,6793.62
1598,9196.71,3287.75
1599,6780.64,4068.96
1600,6555.78,2778.23
1601,5282.95,3141.96
1602,6212.82,4499.18
1603,3613.76,7131.32
1604,2242.12,5911.66
1605,2854.2,4923.1
1606,6921.93,2031.83
1607,7293.49,4867.44
1608,7633.15,4247.34
1609,7642.32,4011.51
1610,6500.77,1897.81
1611,2794.63,7100.19
1612,6357.34,3623.87
1613,984.875,4728.17
1614,7309.94,2984.08
1615,6567.24,4391.79
1616,6833.31,3814.84
1617,1932.01,5948.67
1618,2352.01,6192.22
1619,2629.64,6897.95
1620,7522.17,3045.31
1621,6650.28,4728.72
1622,6316.26,4419.85
1623,1160.26,6810.1
1624,4342.43,5662.18
1625,4993.34,3639.52
1626,5556.24,1476.34
1627,6126.75,3356.65
1628,7838.48,4513.08
1629,6553.77,3872.85
1630,3905.58,6089.23
1631,4179.11,5314.4
1632,7198.81,2991.54
1633,3188.6,5814.05
1634,918.628,6108.22
1635,6859.69,4810.08
1636,3591.12,4176.74
1637,7008.37,3304.75
1638,7236.44,3475.39
1639,7037.69,4243.79
1640,1330.28,7104.17
1641,5091.87,5070.09
1642,2710.05,4730
1643,2267.76,5126.73
1644,7698.93,5235
1645,6596.43,2098.98
1646,1977.68,3006.24
1647,2334.69,6425.34
1648,4481.22,3106.59
1649,8202.42,4764.15
1650,3408.4,6977.39
1651,1365.77,5357.76
1652,6278.19,5558.2
1653,1546.62,6319.92
1654,7388.71,6546.17
1655,7259.12,1987.59
1656,3029.44,7781.33
1657,3903.75,6130.16
1658,6325.23,0
1659,6961.56,2271.36
1660,4906.21,2460.92
1661,317.728,4914.02
1662,3971.59,5456.83
1663,6645.59,1399.2
1664,7513.13,5305.49
1665,7728.03,4389.94
1666,3712.26,7241.23
1667,4432.79,7199.78
1668,6455.47,2614.02
1669,6164.38,5409.38
1670,7186,3713.24
1671,7646.33,6441.82
1672,1341.94,6676.04
1673,9108.71,3098.34
1674,7427.86,2902.45
1675,7345.34,1317.28
1676,7731.48,5662.5
1677,6406.93,1789.21
1678,8014.68,4623.64
1679,4449.91,5511.28
1680,7215.19,2776.59
1681,1685,4239.29
1682,7095.74,1890.68
1683,6372.38,1629.63
1684,4878.03,4852.22
1685,2745.6,5003.82
1686,7428.74,3313.34
1687,2490.55,6628.73
1688,2918.88,8120.81
1689,6910.59,3562.28
1690,8205.12,7064.84
1691,6303.23,1585.72
1692,5155.08,3681.33
1693,7008.63,4712.33
1694,233.046,8012.52
1695,6427.13,5347.06
1696,8056.06,5344.68
1697,5425.48,2908.7
1698,2517.32,7243.27
1699,7623.36,2367.99
1700,4403.86,6862.24
1701,6538.92,1302.84
1702,2998.39,5760.79
1703,6102.57,3431.33
1704,3471.96,6921.22
1705,4835.72,1881.93
1706,7834.01,2431.13
1707,3640.62,7317.3
1708,4472.54,2873.74
1709,2952.46,5815.47
1710,6909.03,2084.52
1711,5546.14,2650.6
1712,992.184,4952.67
1713,6782.09,6073.08
1714,5779.76,2672.85
1715,5187.43,1515.84
1716,2698.42,8182.72
1717,9470.75,3613.19
1718,6673.04,5275.24
1719,2609.54,7138.97
1720,5754.16,2812.1
1721,6133.36,1482.45
1722,5330.36,6153.72
1723,6648.8,5754.94
1724,7074.5,5263.09
1725,2714.43,6826.44
1726,2676.96,7532.09
1727,4695.42,4997.24
1728,7838.77,5079.54
1729,8841.42,5519.08
1730,5608.74,1921.09
1731,3268.51,6520.49
1732,8972.57,5511.41
1733,3853.55,6833.99
1734,2937.89,6778.4
1735,1595.69,7836.72
1736,8492.22,3900.91
1737,7644.3,2831.48
1738,3327.12,6077.4
1739,6604.57,4343.26
1740,5801.85,5152.45
1741,8255.01,4211.89
1742,4182.19,5505.6
1743,7397.16,4842.28
1744,6028.79,4148.41
1745,4576.83,4660.48
1746,5912.46,4956.87
1747,6880.15,7280.33
1748,7648.94,5395.04
1749,3035.5,5984.09
1750,943.159,6316.67
1751,6276.23,4939.82
1752,6559.61,5087.02
1753,4307.29,4742.77
1754,7190.76,6963.22
1755,7265.71,2007.43
1756,5993.3,2929.42
1757,8146.52,4882.22
1758,7104.79,4062.87
1759,6635.58,2768.24
1760,1895.13,5583.03
1761,5716.11,1363.43
1762,2371.66,6917.49
1763,4912.63,1829.95
1764,5677.94,2008.51
1765,5535.15,4651.4
1766,2988.05,6164.52
1767,6125.08,2279.32
1768,7057.73,3107.9
1769,7441.25,4888.53
1770,7757.47,6537.88
1771,7001.85,4488.19
1772,2362.03,7364.46
1773,7346.28,5744.55
1774,5580.43,2102.88
1775,8280.53,2346.41
1776,7216.98,4632.47
1777,6326.08,1808.79
1778,6645.02,1411.87
1779,1805.24,5773.46
1780,7483.28,4168.38
1781,7701.83,6660.28
1782,7232.39,1528.84
1783,2632.68,7029.16
1784,5193.75,1742.35
1785,3068.48,5576.46
1786,2855.3,4711.62
1787,5826.19,2042.5
1788,6564.25,3533.28
1789,5519.25,2022.55
1790,6344.72,1833.4
1791,1562.01,6182.29
1792,6903.13,4911.34
1793,7551.34,1901.46
1794,6643.78,3875.21
1795,7878.6,2849.63
1796,2422.64,6150.05
1797,3492.87,5701.02
1798,5335.71,2393.8
1799,6079.26,2215.29
1800,5767.76,2415.95
1801,1586.24,4789.25
1802,7205.92,4631.53
1803,4710.98,6919.92
1804,1539.28,4375.76
1805,6389.51,4194.34
1806,2303.08,6132.76
1807,7003.19,4305.41
1808,8684.68,5978.09
1809,7622.35,5774.11
1810,4924.91,3136.14
1811,7618.47,7924.26
1812,5749.36,2517.2
1813,3416,4651.13
1814,5903.01,2746.34
1815,3712.54,5220.54
1816,6931.88,1632.2
1817,6529.17,4407.86
1818,5618.18,2415.27
1819,4679.44,2914.45
1820,5010.83,2624.67
1821,7684.02,2425.43
1822,6589.79,2836.15
1823,7328.09,4763.71
1824,2608.06,5990.11
1825,9893.36,4043.47
1826,1975.58,4953.28
1827,6999.03,2254.18
1828,2505.04,6483.54
1829,3191.82,5854.07
1830,2982.75,5294.82
1831,4799.66,1932.74
1832,7314.77,1462.33
1833,3006.56,8976.01
1834,2712.77,6372.11
1835,5860.41,2365.67
1836,6973.36,4747.7
1837,5398.69,3131.77
1838,8925,4876.7
1839,5129.73,5845.28
1840,5775.24,5536.83
1841,6118.44,3172.89
1842,6860.92,604.314
1843,5819.4,5231.79
1844,6237.16,7037.81
1845,2631.7,6115.6
1846,7486.99,5507.94
1847,7635.93,3491.12
1848,6112.18,3342.31
1849,7741.75,2431.35
1850,798.451,6507.08
1851,6985.66,1881.54
1852,7028.91,6363.37
1853,3440.78,5738.97
1854,7016.06,5097.51
1855,5652.55,5306.3
1856,7478.89,5880.1
1857,2367.02,5430.22
1858,7810.12,2864.18
1859,8209.72,5719.69
1860,6433.22,3004.3
1861,1855.92,6276.29
1862,6886.86,2322.99
1863,4740.84,3341.2
1864,7553.62,3391.26
1865,3105.15,6017.62
1866,7676.99,3321.88
1867,3760.45,5886.68
1868,6312.46,4153.39
1869,6836.14,3241.12
1870,5677.18,1756.2
1871,6808.91,4316.21
1872,7684.42,3804.22
1873,8538.37,5745.6
1874,7151.61,1788.27
1875,5330.49,1941.21
1876,2563.24,6007.14
1877,2203.1,6540.11
1878,7933.68,4749.23
1879,7229.81,6855.12
1880,6529.21,2013.22
1881,5926.99,3448.64
1882,2802.53,9482.81
1883,4104.45,7656.79
1884,1865.54,7304.67
1885,3677.97,4424.46
1886,2422.6,5123.64
1887,1421.19,5955.26
1888,1743.77,5035.74
1889,7795.19,4636.42
1890,2282.41,5100.83
1891,5448.36,2924.93
1892,9257.57,3557.14
1893,6912.27,3583.85
1894,2061.75,5530.25
1895,3481.75,6006.01
1896,7320.63,6274.85
1897,5285.68,2354.99
1898,8368.38,1732.37
1899,5946.43,5444.77
1900,7221.01,5131.89
1901,7127.59,6142.31
1902,6446.43,1261.75
1903,3167.39,5008.92
1904,3055.08,5255.38
1905,1797.24,6617.53
1906,7328.56,2164.28
1907,6176.56,2495.99
1908,6107.95,5797.61
1909,6612.44,2785.31
1910,4371.28,6291.37
1911,7525.37,5765.23
1912,7492.08,4796.59
1913,6440.86,4637.32
1914,2689.04,5892.09
1915,7637.2,4270.72
1916,7317.35,3697.91
1917,6356.38,1196.89
1918,6936.84,4501.63
1919,6473.01,3592.5
1920,6983.89,3062.36
1921,3337.32,7511.02
1922,5251.25,3638.86
1923,6081.28,2278.9
1924,3058.34,7319.6
1925,7532.38,3570.47
1926,7216.28,2874.72
1927,5574.52,4895.63
1928,8247.11,4519.09
1929,7897.91,4478.13
1930,909.955,5457.27
1931,7172.1,5496.23
1932,7677.94,4130.5
1933,3583.35,6201.34
1934,7456.69,1164.29
1935,6037.26,1722.25
1936,6413.5,3471.75
1937,5074.3,2777.02
1938,5744.51,2410.96
1939,3631.36,3141.27
1940,6727.39,2869.2
1941,6465.69,5089.14
1942,5870.5,2733.82
1943,6232.77,1520.64
1944,2000.94,5389.39
1945,4514.49,2537.73
1946,7628.59,4829.84
1947,4203.83,7541.72
1948,5277.16,4985.13
1949,3321.58,7077.14
1950,1131.81,5924.46
1951,2508.06,7486.38
1952,7446.17,3678.35
1953,3172.75,5935.39
1954,3909.86,7005.95
1955,4967.85,3453.23
1956,7040.93,4413.27
1957,3121.75,7210.87
1958,4370.57,4545.41
1959,6035.77,2609.95
1960,8086.4,3943.38
1961,7987.36,4928.39
1962,9010.61,3740.84
1963,5601.41,2273.16
1964,6470.51,6335.9
1965,2446.73,6737.52
1966,3957.78,5588.54
1967,7053.65,6115.86
1968,3743.61,5025.58
1969,2491.4,6804.56
1970,6393.57,5924.4
1971,7913.54,2849.72
1972,7144.7,5288.67
1973,6031.79,4470.54
1974,5334.24,5199.18
1975,6643.9,6185
1976,2571.86,3882.17
1977,2945.05,5124.37
1978,8860.07,7092.66
1979,7258.47,4900.26
1980,5505.5,5078.29
1981,2375.01,6978.55
1982,6449.91,5228.38
1983,2103.88,5907.18
1984,3085.74,5127.72
1985,6302.18,3352.09
1986,6897.04,1094.67
1987,6418.49,4340.72
1988,3425.05,5990.39
1989,2161.59,6354.48
1990,3290.73,6267.29
1991,5217.26,2722.08
1992,2894.21,6022.2
1993,1748.36,6853.22
1994,2490.11,5977.7
1995,6638.66,4231.55
1996,5854.18,5713.53
1997,6955.65,2299.57
1998,5653.42,1100.58
1999,4938.55,3031.92
2000,6653.44,4723.62
2001,3988.25,6022.61
2002,2005.78,6711.63
2003,6659.8,4635.33
2004,3446.9,6152.98
2005,6052.95,1394.1
2006,2602.03,7123
2007,1614.57,7545.15
2008,7382.37,2921.82
2009,6329.37,3185.77
2010,1192.91,6163.35
2011,2438.14,4786.83
2012,5265.73,2270.58
2013,3277.37,6839.69
2014,1879.94,5414.54
2015,5735.1,4190.06
2016,7344.92,5822.57
2017,7113.24,3574.18
2018,7322.53,4685.05
2019,2654.49,5814.77
2020,2502.2,5968.62
2021,2359.17,6551.63
2022,6969.66,1552.88
2023,3480.58,5462.47
2024,2034.64,7204.48
2025,3768.22,7159.37
2026,7528.43,3608.67
2027,7641.66,3934.22
2028,6107.34,3558.6
2029,7361.93,4279.21
2030,5124.58,3255.29
2031,4650.88,2871.74
2032,7329.19,4557.41
2033,1945.76,5253.82
2034,6760.67,4203.88
2035,7647.58,4504.66
2036,6923.23,4695.52
2037,7909.41,5085.48
2038,6031.19,2637.08
2039,6625.63,3585.78
2040,2318.85,6740.83
2041,2931.36,6633.96
2042,6996.58,2949.03
2043,2799.61,6715.29
2044,6022.59,2504.34
2045,7434.98,3254.96
2046,7930.19,4525.21
2047,6630.61,3478.86
2048,5719.32,2940.26
2049,8665.21,5718.97
2050,5955.41,4023.9
2051,2886.64,6054.59
2052,8171.96,2184.25
2053,6657.2,4955.12
2054,6178.76,5416.58
2055,3012.21,4118.6
2056,6161.62,845.6
2057,6811.98,1988.63
2058,2586.78,6817.46
2059,6975.11,4981.25
2060,4491.25,3263.2
2061,6229.69,4954.17
2062,6822.76,2385.45
2063,5861.01,1658.07
2064,6588.75,2057.19
2065,7702.17,4656.37
2066,8460,5124.28
2067,5843.29,2873.27
2068,6813.44,5088.64
2069,6831.08,3454.54
2070,9751.82,4834.56
2071,6292.6,2558.91
2072,7180.62,2447.07
2073,7780.01,5123.22
2074,6048.16,2341.47
2075,5707.35,4538.73
2076,6661.69,2366.85
2077,7835.2,1807.52
2078,7803.45,3812.37
2079,1734.64,6040.9
2080,2054.48,7927.86
2081,6549.11,5451.28
2082,3780.7,7208.47
2083,2695.44,4518.27
2084,5836.61,2817.64
2085,4641.24,5334.71
2086,7731.15,2958.2
2087,6928.01,5499.06
2088,1779.78,5856.79
2089,6311.17,2775.84
2090,6275.42,2388.53
2091,5724.6,2738.64
2092,1256.61,4766.57
2093,6403.35,4765.23
2094,6121.1,1574.4
2095,8915.9,5612.43
2096,6481.99,2202.34
2097,6071.35,2053.17
2098,6906.14,5336.89
2099,8121.08,5560.05
2100,6846.06,5472.04
2101,2256.11,5706.72
2102,7641.27,5804.39
2103,5595.42,2541.54
2104,7245.12,4531.25
2105,3188.98,6957.32
2106,3082.09,5882.84
2107,8552.44,4360.71
2108,3046.39,5923.34
2109,7468.28,7177.58
2110,489.296,4028.16
2111,2530.16,5053.62
2112,8300.61,3822.63
2113,5263.19,1698.95
2114,3004.79,6174.09
2115,6705.32,4286.7
2116,2496.53,6956.11
2117,6139.49,941.079
2118,7212.44,3064.23
2119,2009.32,6155.44
2120,6016.71,4710.08
2121,6170.84,3660.24
2122,1656.21,5813.07
2123,3630.79,6067.47
2124,5705.88,7898.7
2125,3238.83,6301.22
2126,3189.92,6090.23
2127,3422.47,4890.58
2128,6447.54,2677.84
2129,4123.59,6214.77
2130,8799.41,3813.39
2131,7994.19,6064.09
2132,6449.35,2486.38
2133,8382.59,4668.74
2134,6354.02,5220.35
2135,2759.2,4850.79
2136,6893.58,2566.3
2137,6621.69,2172.71
2138,7000.82,1889.33
2139,6604.63,2855.2
2140,6006.47,3039.69
2141,2526.88,5391.8
2142,2579.67,5935.9
2143,7004.5,2193.3
2144,7659.37,1332.6
2145,5504.48,5717.39
2146,6591.75,4447.68
2147,6197.55,3198.94
2148,6547.74,5218
2149,8447.92,6253.55
2150,6084.01,1703.75
2151,6991.01,1607.76
2152,7183.49,4998.08
2153,6115.75,3468.09
2154,5555.36,2996.88
2155,6855.34,3738.25
2156,7593.97,5662.76
2157,5393.23,4483.45
2158,9215.74,4522.01
2159,4927.66,1657.2
2160,3190.51,3370.89
2161,2831.37,5787.84
2162,7279.24,4673.77
2163,7008.89,4341.13
2164,1943.57,8224.63
2165,5058.77,3029.26
2166,5802.84,1434.65
2167,3659.87,5204.01
2168,7952.33,5629.74
2169,4130.64,5873.39
2170,1525.15,7553.49
2171,2330.31,7311.35
2172,6467.47,1352.73
2173,6640.88,4092.56
2174,3031.51,7098.5
2175,2620.84,5437.65
2176,7176.96,2478.72
2177,5538.23,1993.43
2178,7537.06,1422.15
2179,6664.31,3609.22
2180,8071.82,6022.42
2181,6235.66,5537.23
2182,6373.27,6233.93
2183,6183.85,1324.15
2184,7768.47,5544.1
2185,6155.69,4723.55
2186,2552.19,6404.13
2187,3392.09,5169.33
2188,2155.31,6928.37
2189,8097.6,5455.76
2190,1731.92,6186.77
2191,1477.91,7631.04
2192,5784.29,1146.53
2193,6484.3,5282.17
2194,8215.49,5828.23
2195,3215.15,4181.56
2196,2714.11,5517.02
2197,5638.35,2698.33
2198,6433.65,2766.45
2199,2745.38,5685.17
2200,5137.93,6099.45
2201,1808.51,5839.77
2202,7346.88,2200.59
2203,8634.54,5102.69
2204,2775.02,6746.7
2205,6496.97,5546.73
2206,9017.13,5386.99
2207,2036.77,7973.16
2208,6557.23,5717.84
2209,7326.18,4545.01
2210,4291.33,5345
2211,1943.15,6088.5
2212,2647.41,5873.26
2213,6912.96,5675.29
2214,6945.19,6267.23
2215,8132.84,3002.72
2216,5834.01,628.505
2217,6810.89,4125.23
2218,3897.77,5512.63
2219,6051.83,3182.03
2220,3306.8,7368.02
2221,8057.41,5775.36
2222,1878.88,4989.64
2223,2528.51,5815.04
2224,6008.31,1450.63
2225,7580.81,5905.32
2226,7024.29,5664.2
2227,7194.45,4966.82
2228,6826.07,2098.33
2229,481.711,6908.28
2230,6253.38,1904.4
2231,6903.7,2382.55
2232,5966.67,5203
2233,4596.48,1287.14
2234,6351.28,5085.61
2235,5647.92,2313.56
2236,6931.29,1942.32
2237,5708.02,3473.98
2238,8494.98,4100.55
2239,6978.99,6313.99
2240,7077.99,5649.58
2241,7078.89,3669.55
2242,7251.96,2644.65
2243,7069.52,3315.91
2244,6870.24,6984.92
2245,4934,1828.23
2246,6176.71,3211.3
2247,8314.69,6899.12
2248,3310.21,5531.08
2249,7932.86,2997.75
2250,2849.88,7289.27
2251,6249.22,4492.88
2252,3132.47,7843.19
2253,3496.67,6242.78
2254,2814.96,6186.6
2255,3810.38,7204.34
2256,3559.92,6189.19
2257,2873.58,5989.04
2258,2857.21,6612.15
2259,7727.94,3199.44
2260,5893.41,2232.31
2261,3912.93,2431.6
2262,2808.74,5377.75
2263,6789.55,5381.51
2264,6480.3,1536.91
2265,7624.8,2774.88
2266,5019.38,1786.59
2267,7636.95,5507.96
2268,6481.7,5382.47
2269,6037.22,2324.15
2270,7382.48,754.547
2271,4688.5,4242.34
2272,8078.5,3567.8
2273,8746.01,5771.14
2274,2350.11,7534.75
2275,7126.6,5794.35
2276,3497.09,4770.97
2277,3283,5671.38
2278,7718.53,2672.02
2279,5909.45,2800.97
2280,8661.53,6004.18
2281,6585.63,4351.42
2282,6762.99,6259.39
2283,5890.14,4427.89
2284,2531.2,7552.92
2285,7393.78,6205.73
2286,7293.14,5382.95
2287,2518.67,6822.9
2288,8904.05,4910.05
2289,6228.01,6395.25
2290,3072.46,7032.87
2291,2863.57,6679.61
2292,6738.4,1364.57
2293,5045.29,5381.21
2294,7237.36,6204.77
2295,7209.03,5268.78
2296,3970.88,6329.62
2297,8169.88,7328.53
2298,6438.43,6823.66
2299,5663.74,2738.59
2300,8825.28,5596.05
2301,5903.24,4809.82
2302,3118.92,7002.48
2303,2329.24,6788.36
2304,7272.84,3649.5
2305,7235.89,2575.12
2306,6131.5,4839.49
2307,7007.84,1640.91
2308,4692.67,2687.58
2309,1692.61,7604.97
2310,2044.07,6770.55
2311,3323.72,4817.65
2312,2015.24,5820.44
2313,2052.88,5750.57
2314,6410.82,2202.89
2315,7433.06,4976.62
2316,5638,5926.3
2317,5282.23,3541.67
2318,5765.73,3374.17
2319,6480.7,6038.96
2320,8517.36,6338.39
2321,7804.68,5379.95
2322,5045.5,2695.36
2323,6855.41,121.432
2324,6448.96,2446.44
2325,7198.71,5235.22
2326,5868.77,3234.44
2327,3190.81,5010.84
2328,1816.48,6888.51
2329,1990.1,7055.08
2330,5840.3,1820.47
2331,6966.76,2559.15
2332,7625.74,5354.98
2333,2873.11,6968.79
2334,7337.91,5865.97
2335,7141.35,1600.38
2336,6286.33,2998.03
2337,8057.01,3607.45
2338,5440.82,3846.59
2339,7499.23,5142.26
2340,5974.84,5276.72
2341,8107.09,3242.49
2342,7407.66,3349.95
2343,5708.88,2670.21
2344,6397.24,3829.98
2345,6210.53,1952.2
2346,3394.59,4622.71
2347,8238.6,5216.61
2348,8257.19,4701.43
2349,3156.74,5871.11
2350,7568.15,3652.66
2351,1803.28,6643.35
2352,3349.9,5361.72
2353,6481,2509.52
2354,5289.61,4719.13
2355,5277.53,2052.14
2356,6836.24,3642.62
2357,7132.89,5114.97
2358,2396.57,4797.02
2359,5449.36,1797.01
2360,3427.37,5488.21
2361,6585.39,4016.94
2362,6988.93,3896.17
2363,6461.11,5000.68
2364,5515.92,2959.23
2365,8714.97,6673.51
2366,5998.21,2605.55
2367,6854.07,3815.29
2368,8476.97,5568.63
2369,5891.96,2427.7
2370,4727.86,6153.25
2371,5911.49,2593.42
2372,3503.71,3843.89
2373,6513.61,2883.02
2374,5676.98,1885.38
2375,3114.03,5510.27
2376,6167.39,4742.87
2377,6823.71,3495.83
2378,5977.96,2115.86
2379,6686.4,5173.18
2380,5417.39,1357.75
2381,6805.68,2620.41
2382,3308.79,7470.96
2383,2739.61,6642.27
2384,3997.51,3180.05
2385,2328.87,5445.91
2386,3540.23,7549.44
2387,6142.48,3838.97
2388,6348.81,3169.3
2389,8157.31,4633.13
2390,7769.01,7344.65
2391,8457.72,6161.61
2392,7335.88,2838.35
2393,5489.95,3781.63
2394,6893.73,2092.82
2395,5209.95,3366.09
2396,6752.57,5999.6
2397,8795.47,5155.18
2398,7763.35,2208.02
2399,6039.37,3052.87
2400,2390.6,5742.32
2401,7091.05,5311.48
2402,7240.45,6461.18
2403,5901.45,2261.22
2404,6244.8,2326.15
2405,7715.88,3675.11
2406,6592.56,3198.29
2407,5832.47,2452.77
2408,6136.46,3512.71
2409,3054.86,5143.75
2410,7135.59,5325.71
2411,6647.77,4159
2412,7435.43,2919.53
2413,2217.46,5991.89
2414,2438.54,6076.79
2415,5220.59,3465.09
2416,5441.07,1814.01
2417,3868.76,8041.59
2418,2767.77,6680.31
2419,4552.69,5717.48
2420,496.655,6485.16
2421,6452.81,4268.76
2422,6415.82,1010.64
2423,2355.51,5635.96
2424,3134.76,7634.93
2425,2031.01,5676.95
2426,9205.1,5338.89
2427,4699.4,3930.11
2428,7052.49,4625.28
2429,5654.1,4853.49
2430,7298.79,3404.23
2431,7513.57,3809.03
2432,4123.49,8437.54
2433,1756,6637.37
2434,1524.31,7388.08
2435,7126.47,2032.41
2436,6339.61,2223.8
2437,7048.91,3148.32
2438,6261.56,2743.82
2439,2762.39,8103.45
2440,8521.32,916.215
2441,3287.32,5679.46
2442,7628.85,5853.84
2443,7219.1,4629.36
2444,6361.15,1966.35
2445,3694.7,5431.77
2446,7445.52,4680.09
2447,8151.5,6370.24
2448,7625.9,596.82
2449,8275.29,3321.3
2450,6796.8,790.798
2451,7544.68,5572.32
2452,3919.5,6097.27
2453,3633.08,7011.91
2454,6593.04,2093.35
2455,2639.4,5780.5
2456,7233.67,7128.75
2457,6721.1,2267.31
2458,3108.63,6183.24
2459,7736.95,6632.89
2460,5892.59,6269.95
2461,6773.43,4444.08
2462,3076.84,7552.26
2463,4164.28,5845.13
2464,2980.94,6035.29
2465,5716.57,2119.02
2466,2562.3,5960.73
2467,4138.49,7293.74
2468,6240.91,1344.25
2469,873.396,7038.95
2470,5018.42,1316.4
2471,7116.64,2811.43
2472,3296.38,4443.01
2473,5714.95,3517.44
2474,7097.98,5005.62
2475,6766.05,4277.49
2476,3285.28,7047.42
2477,8391.53,4744.35
2478,2345.01,5519.16
2479,5562.7,1368.18
2480,6784.92,2420.64
2481,7494.03,1549.15
2482,3111.7,5754.56
2483,5611.72,2450.07
2484,5687.2,1537.83
2485,3535.4,5434.82
2486,8254.62,5930.15
2487,5501.05,6952.47
2488,8797.87,3064.73
2489,3178.31,5636.53
2490,6336.83,2335.45
2491,6933.27,2980.14
2492,6234.71,1169.88
2493,8376.63,3516.96
2494,7245.09,5128.16
2495,6987.68,2809.42
2496,7115.68,4191.93
2497,6814.41,3793.13
2498,5556.44,1381.22
2499,6800.88,5332.62
2500,2977.23,5386.1
2501,6563.63,3438.47
2502,7048.43,6561.09
2503,5403.66,5825.07
2504,2563.24,6051.31
2505,4638.31,6080.67
2506,6784.26,4118.05
2507,4479.08,4576.01
2508,4566.72,5525.45
2509,1069.02,7322.81
2510,7090.56,4048.03
2511,7867.06,5786.72
2512,2356.8,6236.78
2513,6237.08,2869.72
2514,3634.05,4655.16
2515,6751.13,4697.93
2516,5881.12,2363.82
2517,7864.35,4869.07
2518,8879.6,3780.83
2519,6476.52,4998.07
2520,8189.35,5805.58
2521,6821.3,4351.52
2522,2504.88,4802.75
2523,7679.88,6046.42
2524,8560.31,6400.19
2525,2734.29,6652.23
2526,2301.67,6451.54
2527,1032.51,5008.64
2528,3057.53,5079.95
2529,6070.81,1583.29
2530,5875.3,2302.37
2531,7591.99,3906.2
2532,8091.85,4832.18
2533,3492.87,5969.8
2534,7048.04,5880.57
2535,6146.17,4658.18
2536,7381.84,6093.91
2537,6506.49,1171.8
2538,1635.9,6656.17
2539,2319.05,7784.33
2540,3982.18,4631.95
2541,6275.39,5988.71
2542,6165.61,3320.49
2543,5177.48,1720.4
2544,3338.82,7840.5
2545,2394.96,5369.68
2546,7960.78,5235.29
2547,4188.98,5712.08
2548,2531.27,5909.76
2549,6472.36,4815.57
2550,6180.1,4015.37
2551,3453.13,7867.2
2552,6962.58,4222.82
2553,6211.41,2705.54
2554,4382.35,7013.98
2555,6509.68,4421.91
2556,7350.4,6582.62
2557,7858.98,5576.44
2558,2138.31,6361.91
2559,6622.51,2941.5
2560,1547.79,6700.03
2561,1502.48,6417.11
2562,6529.31,1527.07
2563,8780.47,5527.24
2564,2356.46,5225.21
2565,1814.76,6665.52
2566,2397.42,6190.08
2567,7402.18,6562.6
2568,1227.53,4325.54
2569,3564.7,4372.72
2570,6781.72,5022.53
2571,3664.25,6705.59
2572,6462.32,5816.11
2573,2964.15,5529.91
2574,7729.82,3941.67
2575,3766.18,4970.6
2576,6306.98,4478.03
2577,3007.02,7141.03
2578,864.822,6462.97
2579,4439.03,3804.48
2580,5857.71,2548.38
2581,7953.22,5124.6
2582,6160.17,3236.88
2583,912.645,5666.31
2584,7205.1,4973.45
2585,5220.36,2327.56
2586,2708.04,5344.91
2587,6605.09,3768.26
2588,1773.21,5995.3
2589,6945.54,3972.56
2590,2169.99,4810.57
2591,2437.93,8887.51
2592,4990.34,5862.69
2593,2170.99,5523.21
2594,7528.38,3601.9
2595,1560.72,7555.11
2596,2916.3,5390.94
2597,6785.97,2966.21
2598,2492.04,6139.26
2599,7246.03,2305.31
2600,7162.51,4343.65
2601,6165.96,4373.05
2602,6225.24,2184.71
2603,4198.99,1780.51
2604,7797.64,7060.41
2605,7678.4,5648.94
2606,2384.96,4391.8
2607,7703.6,4307.97
2608,4954.4,2875.57
2609,5738.19,2528.35
2610,9031.77,5798.34
2611,3272.29,5382.16
2612,6273.66,3401.79
2613,2442.94,6139.71
2614,2448.82,4784.53
2615,8340.67,6804.17
2616,1702.2,6525.74
2617,3426.9,5038.94
2618,1338.15,5504.92
2619,6155.97,3243.04
2620,5619.28,1622.7
2621,7427.92,5095.08
2622,8008.74,6402.07
2623,7510.74,4649.22
2624,7145.62,649.427
2625,3121.82,5693.09
2626,2377.19,4954.85
2627,3585.31,6026.97
2628,5791.45,4216.44
2629,6224.69,794.256
2630,5944.03,6230.24
2631,5380.69,1250.51
2632,6862.94,3601.31
2633,8456.99,3973.89
2634,2998.08,4281.4
2635,6589.96,6777.28
2636,5797.07,4829
2637,3963.53,6699.63
2638,3764.34,6638.74
2639,6526.69,3001.07
2640,5182.9,3881.44
2641,7334.16,4608.45
2642,2480.52,7703.07
2643,3024.6,5819.47
2644,390.208,4322.62
2645,5998.45,3858.21
2646,5839.33,4402.63
2647,3521.96,6293.89
2648,6290.01,3793.88
2649,2608.47,5323.16
2650,5808.37,4803.77
2651,2307.29,4723.51
2652,2984.6,6365.3
2653,5873.61,4891.45
2654,6262.67,1444.59
2655,7096.43,3120.87
2656,6453.59,2894.59
2657,1673.06,5452.5
2658,2487.56,7939.14
2659,5156.53,6512.63
2660,1773.45,6710.94
2661,3764.35,5937.22
2662,2697.12,6217.68
2663,6855.66,2662.22
2664,6995.58,3632.65
2665,6776.39,2222.55
2666,7962.89,5632.01
2667,6850.04,5135.96
2668,6211.22,3354.83
2669,7728.53,7061.35
2670,3142.31,4950.75
2671,4289.88,5358.63
2672,5949.46,1977.04
2673,3867.76,5125.21
2674,7456.86,5113.76
2675,7504.2,1056.08
2676,9078.03,3083.5
2677,6128.55,2586.08
2678,6999.72,5935.1
2679,6588.76,4914.83
2680,7493.26,4486.68
2681,4072.02,2142.79
2682,5673.76,3334.55
2683,6767.2,1917.39
2684,3181.82,6613.5
2685,7228.82,5454.59
2686,6471.99,4442.43
2687,6455.69,3674.06
2688,7004.25,4877.19
2689,6968.28,4942.78
2690,6891.57,3728.14
2691,2435.87,7431.9
2692,8765.37,4343.28
2693,5817.02,2407.45
2694,5275.79,1277.96
2695,6819.48,2651.94
2696,7704.81,5094.84
2697,9348.06,5003.44
2698,5969.79,2728.94
2699,5858.12,6131.33
2700,7147.84,5435.07
2701,6392.49,3717.08
2702,7201.24,5793.54
2703,2424.61,5544.67
2704,2199.59,6609.01
2705,6466.33,6199.62
2706,3048.04,6942.65
2707,5272.74,3759.21
2708,5677.87,982.038
2709,7737.07,5446.13
2710,5024.11,1545.09
2711,7612.73,4811.76
2712,3242.26,6557.53
2713,5873.04,3560.3
2714,6108.69,3956.01
2715,6940.97,3240.56
2716,3195.43,4981.87
2717,7140.18,6503.86
2718,7249.18,3707
2719,5974.81,1633.74
2720,3257.53,5439.09
2721,6223.56,7175.64
2722,4916.94,1993.86
2723,1870.59,4703.88
2724,1426.3,7042.76
2725,6688.12,5812.12
2726,7471.39,2801.64
2727,6643.53,5742.97
2728,7263.23,1311.58
2729,6904.08,6345.13
2730,7677.52,5812
2731,2338.29,6289.64
2732,7709.92,2483.31
2733,5981.25,4158
2734,3229.6,4627.31
2735,6598.17,2332.45
2736,7193.71,6557.67
2737,6555.42,6748.63
2738,6796.05,1568.6
2739,4501.61,4080.58
2740,3508.68,5607.18
2741,3349.19,5636.47
2742,2218.14,4484.85
2743,4615.24,7693.94
2744,3108.19,5975.17
2745,2815.96,6256.71
2746,2178.68,6094.11
2747,7518.28,2570.79
2748,4803.98,4237.83
2749,8870.88,6097.61
2750,666.671,6428.82
2751,8224.87,4766.25
2752,6956.19,6926.12
2753,2967.52,5851.05
2754,7665.91,6051.28
2755,572.389,4359.16
2756,2635.86,6726.91
2757,6590.85,2396.51
2758,6164.21,3349.1
2759,5780.42,2867.62
2760,7635.66,2989.47
2761,7269.3,2637.78
2762,3086.38,5918.37
2763,6264.51,4320.65
2764,6265.44,253.196
2765,6016.5,4763.79
2766,2514.85,5265.73
2767,3043.42,4816.71
2768,7024.14,4389.76
2769,2081.35,5253.84
2770,4771.29,2019.19
2771,6735.61,5018.21
2772,5880.77,2105.64
2773,6381.4,5759.54
2774,6439.04,2123.18
2775,7186.26,1104.66
2776,5535.62,3130.63
2777,5900.57,1858.09
2778,4713.99,4268.42
2779,2760.49,6115.41
2780,2254.22,7206.74
2781,7041.55,775.21
2782,2094.72,7219.52
2783,6978.53,3310.47
2784,3141.07,5904.28
2785,7033,7060.41
2786,7035.49,2514.26
2787,6498.02,4221.04
2788,3561.63,6506.22
2789,2861.03,6354.87
2790,8572.61,6393.81
2791,2837.46,6714.13
2792,4032.17,6418.57
2793,2405.86,4646.71
2794,5407.75,3407.62
2795,6873.87,3944.51
2796,7310.76,5967.54
2797,6258.09,2920.85
2798,7146.55,1277.51
2799,7122.45,3592.2
2800,6505.77,3693.54
2801,3820.6,4992.24
2802,6554.6,2633.4
2803,1775.36,6031.78
2804,6777.85,4742.01
2805,2408.89,6604.16
2806,2559.69,6336.65
2807,2576.77,6291.01
2808,5713.42,3072.44
2809,8847.59,4127.39
2810,2778.11,5655.24
2811,7876.12,4701.78
2812,2346.16,5640.48
2813,3301.24,5649.26
2814,6653.47,2747.36
2815,6330.73,3581.07
2816,7133.75,5078.29
2817,2332.21,4911.12
2818,8563.26,6408.29
2819,7442.08,5877.73
2820,1318.29,5292.33
2821,2543.29,6684.07
2822,7507.91,5171.95
2823,1731.17,6337.71
2824,7206.88,3432.98
2825,2802.06,7009.36
2826,6038.24,3514.11
2827,6352.35,4668.72
2828,7451.25,6217.59
2829,6695.01,5413.33
2830,5857.77,941.079
2831,8280.58,4805.96
2832,5233.75,1880.11
2833,8311.81,5959.95
2834,6267.65,5349.07
2835,3043.94,6039.55
2836,2925,5794.66
2837,5272.48,2631.37
2838,6028.36,478.909
2839,2796.97,4349.95
2840,8150.48,3918.84
2841,7408.36,3726.44
2842,8242.11,4656.85
2843,7750.08,5192.45
2844,6474.76,2349.55
2845,1869.42,4876.04
2846,2231.64,7030.74
2847,8703.62,4722.46
2848,7974.53,4150.19
2849,3159.91,6214.69
2850,6754.13,1892.02
2851,5699.58,1986.21
2852,6981.3,1753.76
2853,7076.7,4591.26
2854,6056.86,2053.67
2855,5947.95,2382.26
2856,898.966,6583.03
2857,7902.86,4849.56
2858,2825,4606.86
2859,2843.86,6037.42
2860,2568.3,5513.31
2861,6032.6,896.402
2862,6741.29,1913.72
2863,8021.63,5080.4
2864,5398.45,4143.47
2865,9434.03,3617.6
2866,5775.93,5827.59
2867,8732.5,5600.57
2868,2102.77,5706.59
2869,7824.72,5743.21
2870,6218.41,5004.07
2871,3721.13,5415.95
2872,6922.5,2421.67
2873,6121.79,1993.55
2874,1349.36,4586.32
2875,2848.26,5553.31
2876,6825.62,1494.49
2877,7815.38,4412.82
2878,4694.04,2034.99
2879,2979.61,7720.48
2880,7627.04,6086.95
2881,8169.19,3039.76
2882,8069.91,6175.74
2883,3315.23,6056.85
2884,3076.67,5758.29
2885,6368.91,1498.76
2886,6610.27,2208.38
2887,3963.64,5952.95
2888,2538.73,7234.07
2889,5816.48,2594.5
2890,8328.95,5112.62
2891,4626.02,3231.25
2892,9201.42,6661.75
2893,2744.81,6281.43
2894,2394.54,5479.07
2895,1425.72,7043.9
2896,6684.92,6222.64
2897,6937.01,3062.32
2898,6957.04,6126.51
2899,8265.9,6224.75
2900,6148.13,2161.79
2901,6551.16,5324.81
2902,8139.34,6326.08
2903,6383.26,5129.94
2904,6236,4636.02
2905,5829.66,2365.37
2906,5538.55,1644.43
2907,814.696,5290.82
2908,3369.73,7710.99
2909,5905.39,2064.71
2910,6590.64,5677.69
2911,5328.6,2886.07
2912,7809.2,5000.89
2913,2391.11,7875.23
2914,4203.87,6532.78
2915,1055.45,7012.5
2916,5375.4,666.951
2917,2103.04,5578.9
2918,1961.36,5676.56
2919,8304.05,5022.4
2920,1866.48,6420.58
2921,1956.88,6705.82
2922,6148.85,2116.39
2923,6915.17,3387.16
2924,7249.94,1565.61
2925,6704.23,2840.05
2926,5611.22,3643.26
2927,1988.01,5104.61
2928,7565.3,7854.71
2929,7050.09,1946.17
2930,2989.99,5676.42
2931,5665.33,1968.47
2932,7722.42,3316.5
2933,3524.83,7901.69
2934,5312.44,4928.74
2935,6160.12,2936.03
2936,3186.81,7789.42
2937,4211.49,7501.3
2938,4285.04,5704.69
2939,6069.86,1917.33
2940,9227.44,4726.57
2941,7191.94,3911.17
2942,3319.22,4506.79
2943,2063.44,6154.44
2944,1577.56,6215.15
2945,2555.65,6899.19
2946,4827.64,1652.03
2947,4239.44,6340.56
2948,7927.68,1822.38
2949,3325.96,4596.96
2950,7058.89,6538.19
2951,1448.02,6723.68
2952,6239,4744.75
2953,3738.42,1757.87
2954,7621.21,5070.09
2955,3818.87,4198.76
2956,6353.9,5606.96
2957,3529.08,7040.68
2958,6390.2,1633.43
2959,6838.36,5121.53
2960,3228.47,5671.88
2961,5611.41,4543.26
2962,6190.87,4411.11
2963,1723.89,5770.31
2964,8332.08,3362.77
2965,6741.5,3539.27
2966,5878.66,5246.97
2967,8229.7,5044.74
2968,7325.66,3777.99
2969,7836.17,3631.87
2970,7017.64,3750.76
2971,7920.35,5179.72
2972,6694.34,4955.41
2973,5989.44,2815.4
2974,5766.43,3406.4
2975,6584.82,2124.35
2976,6329.13,6514.29
2977,6661.25,5743.02
2978,6717.97,2957.44
2979,6810.37,1910.2
2980,7212.09,3902.68
2981,3127.94,6203.67
2982,2162.27,5227.67
2983,3285.92,5517.36
2984,7437.95,4465.29
2985,6788.09,1480.9
2986,3699.49,5998.92
2987,7186.13,3457.88
2988,2769.08,5884.64
2989,1283.28,7937.82
2990,5718.87,5077.87
2991,3009.18,5917.08
2992,7990.58,5606.82
2993,5054.4,1385.9
2994,7653.8,6076.82
2995,2877.74,7067.26
2996,6572.51,2534.92
2997,4931.46,3429.27
2998,8314.02,3979.52
2999,2896.02,6733.63
3000,3458.05,6874.68